0.4336441042	0.0000000504	0.4970440397	0.0000000840	0.0693117216	
0.0000000602	0.2041727289	0.7958271170	0.0000000440	0.0000000499	
0.7056452242	0.2943543304	0.0000001219	0.0000001225	0.0000002011	
0.0593658062	0.6738925963	0.2667414592	0.0000000431	0.0000000952	
0.0000000334	0.1203667745	0.8796331506	0.0000000150	0.0000000265	
0.8956282407	0.0356134231	0.0687581613	0.0000000661	0.0000001089	
0.2997478034	0.1675207892	0.5327313412	0.0000000256	0.0000000406	
0.0406208507	0.0000000941	0.0000000870	0.0000000681	0.9593789001	
0.2206696436	0.0000000503	0.4896820788	0.0052549981	0.2843932292	
0.7385693893	0.0000000585	0.2614305127	0.0000000191	0.0000000204	
0.0770641613	0.3150046017	0.4082111191	0.0000000563	0.1997200616	
0.1259938796	0.2726208603	0.6013851438	0.0000000499	0.0000000663	
0.0297062383	0.0297447257	0.1730258993	0.0000000514	0.7675230853	
0.0000001190	0.1171843174	0.0310046042	0.0000000557	0.8518109037	
0.0512730629	0.0000000748	0.2507289631	0.4866645885	0.2113333108	
0.1521692376	0.2734165030	0.0000000568	0.0000000584	0.5744141442	
0.9999998902	0.0000000315	0.0000000367	0.0000000141	0.0000000274	
0.2335359483	0.0000000428	0.7664639984	0.0000000085	0.0000000021	
0.0000000841	0.9999997682	0.0000000556	0.0000000476	0.0000000446	
0.2123271498	0.3462272106	0.0000000781	0.0000000388	0.4414455226	
0.2318154431	0.0000000678	0.4626906097	0.0000000488	0.3054938306	
0.2071254816	0.0000000907	0.7928743414	0.0000000442	0.0000000421	
0.5982828734	0.0000000371	0.4017169831	0.0000000465	0.0000000600	
0.0000000903	0.0000000671	0.2535509468	0.0362178201	0.7102310757	
0.7106386761	0.0000000494	0.2893611663	0.0000000650	0.0000000432	
0.0000000554	0.0000000956	0.5348791019	0.0000000619	0.4651206852	
0.6915993265	0.0000000898	0.2277685776	0.0000000660	0.0806319402	
0.0383435191	0.0285323568	0.0264541068	0.0000000454	0.9066699721	
0.0352920931	0.3286447510	0.6360630690	0.0000000223	0.0000000646	
0.3061377668	0.1328931899	0.5609689109	0.0000000463	0.0000000861	
0.1230929345	0.0000000867	0.0521827163	0.0000000807	0.8247241817	
0.0000000405	0.8346416133	0.1572941765	0.0080641031	0.0000000666	
0.0000000851	0.1091736902	0.8908261858	0.0000000200	0.0000000189	
0.0451423366	0.0000000832	0.3438703372	0.0000000498	0.6109871932	
0.2386974786	0.0167296812	0.5950846657	0.1494880915	0.0000000830	
0.6926494779	0.0000001008	0.3073503340	0.0000000446	0.0000000427	
0.0000000779	0.0563646464	0.0392480892	0.0000000395	0.9043871469	
0.5322733763	0.1554869461	0.3122396381	0.0000000125	0.0000000269	
0.0000000614	0.1583743484	0.6119737390	0.2296517854	0.0000000658	
0.0000000893	0.1256862842	0.8743135156	0.0000000595	0.0000000513	
0.0000000698	0.3664592061	0.6335406765	0.0000000289	0.0000000188	
0.2559532722	0.0000000564	0.0000000228	0.0000000661	0.7440465825	
0.0100211175	0.0000000998	0.0541339908	0.0158419180	0.9200028738	
0.0000000593	0.0000000568	0.9999998494	0.0000000110	0.0000000234	
0.0000000659	0.7101215814	0.2898782800	0.0000000299	0.0000000427	
0.9999996655	0.0000000340	0.0000001007	0.0000000650	0.0000001347	
0.0422850158	0.0000000582	0.9577148661	0.0000000245	0.0000000354	
0.9999998751	0.0000000264	0.0000000598	0.0000000177	0.0000000210	
0.8340146692	0.0455467528	0.0000000561	0.0000000471	0.1204384747	
0.0000000091	0.4683014090	0.0000000705	0.0000000383	0.5316984731	
0.3271136661	0.4933546823	0.1795315792	0.0000000249	0.0000000475	
0.0241004488	0.0000000607	0.0469347177	0.0043942566	0.9245705162	
0.0703310677	0.1822577157	0.7418953381	0.0000000612	0.0055158173	
0.1575633179	0.1080894146	0.7343471840	0.0000000414	0.0000000421	
0.0435542288	0.0876605047	0.3447046629	0.2491608233	0.2749197803	
0.0162770246	0.2482254858	0.3033270342	0.0000000681	0.4321703873	
0.0000000190	0.4232196746	0.0000000954	0.0000000623	0.5767801487	
0.3086511218	0.6274522585	0.0638965202	0.0000000373	0.0000000622	
0.7461533841	0.0000000420	0.2538465217	0.0000000198	0.0000000324	
0.2636141071	0.0000000724	0.0412009774	0.0000000721	0.6951847711	
0.0000000753	0.9999998783	0.0000000337	0.0000000058	0.0000000070	
0.7523731639	0.0000000541	0.2476267084	0.0000000283	0.0000000454	
0.0000000592	0.2069666204	0.6608721943	0.0000000531	0.1321610730	
0.0000000736	0.0432581337	0.9567417028	0.0000000304	0.0000000594	
0.2191521127	0.0000000832	0.3366720569	0.0733914873	0.3707842599	
0.1239108351	0.0424407949	0.8071671480	0.0264811547	0.0000000673	
0.0000001048	0.0000000996	0.9999997534	0.0000000238	0.0000000185	
0.0870406977	0.6801090807	0.2216063620	0.0000000501	0.0112438095	
0.0000000927	0.3532957804	0.6467039670	0.0000001015	0.0000000584	
0.3803622431	0.1822227828	0.1062170591	0.0000000369	0.3311978782	
0.1896277795	0.0000000672	0.1132211003	0.0000000818	0.6971509712	
0.0829329113	0.7182804618	0.1987865823	0.0000000231	0.0000000216	
0.0000000259	0.0534173270	0.0000000202	0.9465825847	0.0000000422	
0.0242857573	0.0000000947	0.8274268738	0.0000000436	0.1482872307	
0.0000000912	0.2411312609	0.4873733542	0.0000000604	0.2714952333	
0.0000000725	0.3745819499	0.0000000689	0.0000000682	0.6254178405	
0.0000000725	0.6770450737	0.0787574979	0.2441972983	0.0000000577	
0.0000000798	0.0000000623	0.9999998295	0.0000000155	0.0000000128	
0.3448892358	0.0000000424	0.4542366487	0.0000000472	0.2008740259	
0.9122480592	0.0333453704	0.0000000628	0.0000000574	0.0544064503	
0.0000000923	0.0000000614	0.0719866483	0.0000000432	0.9280131548	
0.0278038569	0.3434827371	0.5193793471	0.1093339833	0.0000000756	
0.2681594119	0.5787073282	0.0000000455	0.0000000293	0.1531331850	
0.1482045584	0.3476680508	0.0000000394	0.0647862381	0.4393411134	
0.0000000294	0.0000000989	0.9999998391	0.0000000107	0.0000000219	
0.0000000325	0.2965535394	0.6994023847	0.0000000910	0.0040439525	
0.0000000966	0.0726239981	0.9273757763	0.0000000374	0.0000000916	
0.3440178487	0.2592696182	0.3967123996	0.0000000603	0.0000000733	
0.4189062306	0.0000000531	0.2909675022	0.0000000656	0.2901261485	
0.1740636640	0.3770297799	0.4489064803	0.0000000345	0.0000000412	
0.0000000629	0.5477471029	0.0000000870	0.0000000929	0.4522526543	
0.0000000357	0.7227910611	0.2772088507	0.0000000188	0.0000000338	
0.0000000717	0.0719699528	0.9280298985	0.0000000471	0.0000000299	
0.8338894429	0.0000000729	0.1302384785	0.0000000806	0.0358719250	
0.2791402884	0.0412954871	0.6795641181	0.0000000446	0.0000000618	
0.1293360526	0.5935598793	0.2771039852	0.0000000292	0.0000000537	
0.0000000930	0.8940950156	0.1059048529	0.0000000157	0.0000000228	
0.0092941384	0.0000000637	0.9907057678	0.0000000187	0.0000000114	
0.0000000924	0.0000000871	0.4456413025	0.0000000565	0.5543584615	
0.0519009715	0.5907188809	0.2202226357	0.0205436715	0.1166138404	
0.2756209850	0.5385065022	0.1858724198	0.0000000423	0.0000000506	
0.0000000561	0.5850495812	0.1541092315	0.0000000727	0.2608410586	
0.9469584963	0.0000000646	0.0530413409	0.0000000558	0.0000000424	
0.0580859797	0.1828968276	0.0576091524	0.3331019942	0.3683060461	
0.0761936860	0.1583589888	0.3292915065	0.1471449800	0.2890108387	
0.0848736261	0.1300483088	0.3034264251	0.2772779492	0.2043736908	
0.8616036033	0.0567481373	0.0735668875	0.0080813405	0.0000000314	
0.1856636618	0.0000000661	0.6524833401	0.0000000341	0.1618528979	
0.1484044543	0.0562416431	0.7953538048	0.0000000364	0.0000000614	
0.0000000451	0.0000000905	0.5324696454	0.0000000428	0.4675301762	
0.0300131410	0.0000000776	0.9699866896	0.0000000330	0.0000000588	
0.0723950761	0.1219877633	0.8056170223	0.0000000514	0.0000000869	
0.0000000723	0.1777547081	0.4391298824	0.0000000492	0.3831152879	
0.0000000488	0.3059992295	0.0000000894	0.0000000953	0.6940005370	
0.0000000790	0.6818767226	0.2186292269	0.0000000599	0.0994939116	
0.1119106663	0.0000000769	0.2602651019	0.0872893729	0.5405347821	
0.1902195812	0.7371548007	0.0550007238	0.0176248117	0.0000000826	
0.0000000575	0.0000000959	0.5415296575	0.0000000386	0.4584701505	
0.0000000543	0.0460263341	0.9539734324	0.0000000343	0.0000001448	
0.0165702028	0.0520304447	0.0486451972	0.0000000362	0.8827541191	
0.0000000891	0.0880950369	0.1147211550	0.0183712307	0.7788124883	
0.9999998602	0.0000000326	0.0000000438	0.0000000279	0.0000000355	
0.7005032678	0.0487999525	0.1326741591	0.0000000641	0.1180225565	
0.3455294768	0.0000000721	0.0713986070	0.0000000779	0.5830717661	
0.0868901049	0.8357529425	0.0773568511	0.0000000325	0.0000000691	
0.2296407932	0.5731399185	0.0000000573	0.0000000338	0.1972191972	
0.1666180435	0.0000000579	0.0000000976	0.0695895549	0.7637922462	
0.1523199438	0.3310607716	0.1363323663	0.3802868664	0.0000000519	
0.0000000262	0.0313185033	0.6620959135	0.0000000341	0.3065855228	
0.0369343834	0.0661075450	0.7224623303	0.0000000609	0.1744956803	
0.0000000892	0.1869095127	0.0000000899	0.0000000719	0.8130902363	
0.0000000564	0.0000000984	0.1900592064	0.0441189946	0.7658216442	
0.0357007958	0.0000000964	0.2296032305	0.0089155926	0.7257802846	
0.1865201398	0.1244257912	0.0000000651	0.0000000355	0.6890539685	
0.9632462991	0.0000000281	0.0367535348	0.0000000901	0.0000000479	
0.0000000526	0.0387360095	0.9612638747	0.0000000307	0.0000000326	
0.0184730209	0.0000000615	0.1932597078	0.3350496073	0.4532176025	
0.0443011583	0.0000000500	0.4248936883	0.0000000498	0.5308050537	
0.0000000961	0.8516001519	0.1483996580	0.0000000314	0.0000000626	
0.0000000689	0.1844269160	0.7833361377	0.0322368378	0.0000000396	
0.0295456949	0.0000000890	0.8209186506	0.0000000438	0.1495355217	
0.0000000245	0.3722185665	0.6277813234	0.0000000455	0.0000000401	
0.0000000881	0.0796771321	0.2662199957	0.0000000412	0.6541027429	
0.0000000780	0.3875072665	0.0137469603	0.0000000821	0.5987456130	
0.0343086105	0.0000000901	0.3000852776	0.0889549563	0.5766510655	
0.9786721878	0.0213277288	0.0000000241	0.0000000370	0.0000000223	
0.0474596833	0.0000000402	0.4898215068	0.0687597887	0.3939589810	
0.0097099777	0.4981149954	0.2199267442	0.0000000471	0.2722482356	
0.0956798316	0.5031244120	0.4011956285	0.0000000575	0.0000000706	
0.0629472935	0.8322975164	0.0000000899	0.0000000450	0.1047550551	
0.2158796500	0.0000000787	0.0000000437	0.3770230246	0.4070972030	
0.1231853598	0.0000000524	0.0000000719	0.0000000608	0.8768144551	
0.1362203863	0.0000000781	0.0000000508	0.2482628270	0.6155166577	
0.0000000848	0.3929866997	0.6070130812	0.0000000382	0.0000000961	
0.1645245773	0.0000000560	0.1514925211	0.1896386539	0.4943441916	
0.0000000767	0.2260036399	0.3081565444	0.0000000499	0.4658396892	
0.0000000861	0.0000000815	0.4425642435	0.0000000494	0.5574355395	
0.0960810675	0.3396406651	0.5642782024	0.0000000251	0.0000000398	
0.3026359407	0.0000000564	0.5639688832	0.0000000479	0.1333950718	
0.0814970122	0.0405428092	0.0000000800	0.0000000613	0.8779600373	
0.0562873961	0.0000000812	0.0840010299	0.0000000639	0.8597114288	
0.0333188812	0.0000000712	0.2586281293	0.0512132074	0.6568397108	
0.0000001011	0.0000000691	0.5024727285	0.0000000586	0.4975270427	
0.2276319345	0.0000000899	0.1626544499	0.0000000409	0.6097134848	
0.1266024338	0.0000000672	0.2720879131	0.0645630223	0.5367465636	
0.0785518491	0.0000000893	0.1909088725	0.0000000555	0.7305391336	
0.0000000202	0.3821034550	0.0571749246	0.0000000475	0.5607215527	
0.5662428066	0.0000000727	0.4017816541	0.0000000528	0.0319754138	
0.1693545159	0.4306222783	0.0000000614	0.0000000495	0.4000230949	
0.2112832384	0.0000000540	0.7477296564	0.0000000232	0.0409870280	
0.0000000512	0.0000000385	0.4315448821	0.3595487226	0.2089063055	
0.2821612076	0.0286537069	0.3683520182	0.0000000675	0.3208329998	
0.2207648151	0.0000000555	0.0000000695	0.0000000504	0.7792350096	
0.0000000565	0.6386360163	0.1860209719	0.0000000765	0.1753428788	
0.2514092660	0.1876383537	0.0259573278	0.2962975932	0.2386974593	
0.1137058448	0.0324849049	0.2733298668	0.0624813604	0.5179980231	
0.1092300675	0.6453419902	0.0000000572	0.0000000890	0.2454277961	
0.1881662175	0.0000000835	0.6664674933	0.0000000514	0.1453661545	
0.0000000660	0.0000000839	0.2095302987	0.7432633193	0.0472062321	
0.0000000654	0.6198061774	0.0055634513	0.1270153693	0.2476149366	
0.0680262174	0.0477282934	0.1924386452	0.1389306374	0.5528762066	
0.0000000324	0.2742308383	0.0000000749	0.0000000434	0.7257690111	
0.3405216770	0.0000000846	0.2711033292	0.0000000890	0.3883748202	
0.2262875648	0.0451734202	0.6183896647	0.0000000487	0.1101493016	
0.0000000648	0.0000000741	0.4958133508	0.0000000330	0.5041864773	
0.2474281610	0.7525715031	0.0000001054	0.0000000814	0.0000001492	
0.0000000983	0.1822216516	0.1268282416	0.2691371074	0.4218129011	
0.3569356842	0.2547175434	0.3061416462	0.0000000571	0.0822050690	
0.0000000637	0.0000000598	0.9999998621	0.0000000083	0.0000000060	
0.1327821944	0.3602402028	0.2520115356	0.0000000486	0.2549660186	
0.1001154116	0.0000000523	0.5857658167	0.0000000922	0.3141186272	
0.3675605308	0.0427264467	0.5897129359	0.0000000376	0.0000000491	
0.1023998000	0.1514901567	0.7461099233	0.0000000296	0.0000000904	
0.2243627801	0.0390107213	0.7366264133	0.0000000505	0.0000000347	
0.0000000612	0.0000000649	0.3784197213	0.0435925515	0.5779876011	
0.3595787298	0.0000000685	0.6404211321	0.0000000237	0.0000000458	
0.0000000453	0.4632779768	0.0358524662	0.0000000459	0.5008694657	
